Matriz 1
8 5 2 5 7 4 2 6 
6 9 5 5 7 5 1 9 
1 3 3 0 8 0 4 5 
7 6 6 2 7 3 0 9 
0 1 4 0 9 3 8 7 
2 9 9 3 3 8 3 2 
3 2 7 1 5 4 4 0 
9 8 6 8 3 9 7 2 

Matriz 2
0 2 7 4 6 6 6 2 
0 5 0 0 3 0 1 9 
6 5 0 2 6 0 7 1 
4 2 1 3 9 0 4 4 
4 6 1 2 1 4 8 5 
5 0 4 8 9 6 9 6 
3 7 4 8 4 3 1 8 
2 8 2 1 6 6 1 0 

Resultado 2
98 165 104 119 207 142 187 158 
124 213 96 120 248 151 211 191 
72 148 41 63 87 80 103 104 
105 192 88 93 202 142 190 135 
113 191 67 121 137 120 143 140 
131 155 68 131 219 93 197 193 
98 111 59 103 132 74 153 116 
150 187 142 208 310 153 250 253 

